H2  Rayleigh cross sections from RVY       ! Ford & Browne, At. Data, 1973
40
  WAVELENGTHS (ANGSTROMS)
  1150.0 1175.0 1200.0 1215.7 1250.0 1300.0 1350.0 1400.0 1450.0 1500.
  1550.0 1600.0 1650.0 1700.0 1750.0 1800.0 1850.0 1900.0 1950.0 2000.
  2100.0 2200.0 2300.0 2400.0 2500.0 2600.0 2700.0 2800.0 2900.0 3000.
  3100.0 3200.0 3300.0 3400.0 3500.0 3600.0 3700.0 3800.0 3900.0 4000.
  CROSS SECTIOB (CM^2)
  4.689E-24  3.405E-24  2.610E-24  2.250E-24  1.687E-24  1.179E-24  8.669E-25  6.605E-25
  5.170E-25  4.133E-25  3.362E-25  2.774E-25  2.317E-25  1.956E-25  1.666E-25  1.430E-25
  1.237E-25  1.077E-25  9.427E-26  8.297E-26  6.660E-26  5.300E-26  4.290E-26  3.510E-26
  2.910E-26  2.430E-26  2.050E-26  1.750E-26  1.490E-26  1.290E-26  1.130E-26  9.96E-27
  8.810E-27  7.820E-27  6.960E-27  6.220E-27  5.580E-27  5.010E-27  4.520E-27  4.080E-27
  ALBEDO
  0.848  0.882  0.903  0.915  0.927  0.943  0.950  0.956  0.961  0.963
  0.966  0.970  0.971  0.973  0.973  0.973  0.974  0.977  0.978  0.9783
  0.9796 0.9806 0.9815 0.9823 0.9830 0.9836 0.9842 0.9848 0.9852 0.9857
  0.9857 0.9857 0.9857 0.9857 0.9857 0.9857 0.9857 0.9857 0.9857 0.9857
